100
364407741101175516 180004948778138978
470411082303112521 71480827566386976
179290445892467682 19346997129471195
588257066821383404 304112205054536487
24891963628019554 7375937528023885
808779166338864726 232940658536399409
403068171485002699 32790157083900459
873962844534874465 862104208794002469
400848407046531721 128446222396561163
686207628457569823 12998840954241315
387816070825526549 226260681723172024
372696549176926119 95208965433850341
300220254748311995 57103335911720399
825023103207944702 1092576159977042
929898740532810735 663681073391331819
812507401184434372 481511067669937439
986966662723017487 475309285212656203
234453413615870325 122545083762453206
277684588844952530 58475528976233127
954379362248899503 505896347924174079
573762186912448248 152988963696866162
35756137779587149 12323659891831018
33720990059409780 31930148054126684
805221109815506717 613989611095346822
753331527566153110 371390072625425908
868599029687457776 188678497471401361
761297499176698838 736852423645751959
273936595538269476 124746415017681628
834675315205097788 379169275359118381
598000836815517849 527125621751467266
932438955848931505 368059839031684171
72755295287083692 50027910830730816
262077870888978837 253446227414068038
853912224756372202 125297318509721298
566555026258548542 448849355127071704
357778603715393282 107368263464742081
628789179417519219 626168439624401135
993820021882769628 844351308370239616
297479151178598198 208506545682112564
408109011962505725 121259241979339510
278385481987347219 34438250712066484
314353283180291438 302474392048230765
152672514314450184 8365810552138373
207517220607381398 148425105589473317
173231921188167407 9312558216154446
943727287010505446 155887285846505578
850004060808263250 755716257770539090
909643808820224384 796409340279253579
956757953458228286 96908978773022854
797972381873271550 216361581343713278
306727764068571370 217684227876328719
59561870834926606 22020704661549512
123905384962684723 104605025307181037
392241450482231819 154411592406689891
121935768272228765 1991758923226603
797694214328228302 510159190303728762
435832128795676654 169778430161935537
192219459658433136 18894547083357390
605322277050626263 366185194040310433
566778560302846103 54402428641830801
408648805957757725 158172879304413342
359520827158666153 187907208655544816
589324895144175861 354978345998145467
818161160715088629 694682801112919950
815274581554014365 698210930479147492
429263637624891420 288475658320993412
92141585961130862 20961928869755931
60553640340059320 50972576187822914
421686436306046163 207490581269775178
468496661765582982 411579995861490635
361920372157029440 314065557732616158
936745269488393586 5407742219516135
152326158853413609 6522853551437366
535255081810709742 164601813741934313
614476612548906815 388930987968508269
795152321786699307 607044515684981690
706541507251396825 372157372964079420
210607535524225961 31814395024476496
374034792928488017 140894045072052403
189458739031082920 413604360296780
225806986500880068 145558193167655627
397343485342165201 104810235223006155
230199809043223980 30978520638195016
72111228733793494 37241902161002358
706388826906206070 254790093221886029
765393522451060921 137718838981060429
485541369887996772 458293601435155562
64449922573635380 6534038805168141
262767543139791232 29517337674434124
768141047423355083 142160538556359853
373564707268179228 344610017053197329
273430137773479708 59222749357235341
449978015752754401 174324821248745537
291312519890385678 163022941750240486
531228743909660250 467729978116990953
456516322276062472 59680318681952715
351593072931321949 33399093732672342
740424507448540826 208340847035087052
14470723927412186 8974081971137201
258527290380317675 224927247333900318
